# id ra dec
3169  110.836123  -73.473481
3766  110.809389  -73.469275
3802  110.869938  -73.469108
4092  110.817323  -73.467274
4113  110.832014  -73.467355
4380  110.806455  -73.465188
4447  110.783052  -73.464832
4643  110.767406  -73.463113
4648  110.768957  -73.463005
4787  110.781879  -73.462009
4807  110.763530  -73.461920
4897  110.856558  -73.466047
5062  110.894695  -73.460183
5091  110.760748  -73.459958
5193  110.755525  -73.458928
5211  110.817858  -73.459002
5419  110.907323  -73.457178
5969  110.801700  -73.452543
5988  110.899601  -73.451970
6200  110.765961  -73.451681
6202  110.766503  -73.450206
6451  110.889807  -73.447701
6569  110.868782  -73.448979
6734  110.859917  -73.444483
6799  110.824031  -73.443352
6801  110.881218  -73.444093
6954  110.804830  -73.441285
7227  110.863885  -73.437894
7281  110.859383  -73.437185
7338  110.813919  -73.436375
7445  110.841445  -73.434071
7484  110.847523  -73.432983
7505  110.837564  -73.432529
7560  110.829059  -73.429844
